1 0.000030
2 0.000020
3 0.000040
4 0.000030
5 0.000020
6 0.000020
7 0.000020
8 0.000020
9 0.000030
10 0.000020
11 0.000030
12 0.000030
13 0.000020
14 0.000020
15 0.000020
16 0.000020
17 0.000020
18 0.000020
19 0.000020
20 0.000030
21 0.000020
22 0.000020
23 0.000020
24 0.000020
25 0.000020
26 0.000020
27 0.000030
28 0.000020
29 0.000030
30 0.000030
31 0.000020
32 0.000020
33 0.000020
34 0.000020
35 0.000020
36 0.000020
37 0.000020
38 0.000020
39 0.000020
40 0.000020
41 0.000020
42 0.000020
43 0.000030
44 0.000020
45 0.000020
46 0.000020
47 0.000020
48 0.000020
49 0.000020
50 0.000020
51 0.000020
52 0.000030
53 0.000020
54 0.000020
55 0.000020
56 0.000020
57 0.000030
58 0.000030
59 0.000020
60 0.000030
61 0.000020
62 0.000020
63 0.000020
64 0.000020
65 0.000020
66 0.000020
67 0.000020
68 0.000020
69 0.000020
70 0.000020
71 0.000030
72 0.000020
73 0.000020
74 0.000020
75 0.000020
76 0.000020
77 0.000030
78 0.000020
79 0.000020
80 0.000020
81 0.000020
82 0.000020
83 0.000030
84 0.000020
85 0.000020
86 0.000030
87 0.000020
88 0.000050
89 0.000020
90 0.000020
91 0.000020
92 0.000020
93 0.000020
94 0.000020
95 0.000020
96 0.000020
97 0.000020
98 0.000020
99 0.000020
100 0.000020
101 0.000020
102 0.000020
103 0.000030
104 0.000020
105 0.000020
106 0.000030
107 0.000020
108 0.000020
109 0.000020
110 0.000020
111 0.000030
112 0.000020
113 0.000020
114 0.000020
115 0.000020
116 0.000020
117 0.000020
118 0.000020
119 0.000020
120 0.000020
121 0.000020
122 0.000020
123 0.000020
124 0.000020
125 0.000020
126 0.000030
127 0.000020
128 0.000020
129 0.000020
130 0.000030
131 0.000020
132 0.000030
133 0.000030
134 0.000030
135 0.000030
136 0.000020
137 0.000030
138 0.000040
139 0.000020
140 0.000020
141 0.000030
142 0.000020
143 0.000020
144 0.000020
145 0.000030
146 0.000020
147 0.000020
148 0.000020
149 0.000020
150 0.000020
151 0.000020
152 0.000020
153 0.000020
154 0.000030
155 0.000020
156 0.000030
157 0.000020
158 0.000020
159 0.000020
160 0.000030
161 0.000020
162 0.000020
163 0.000020
164 0.000020
165 0.000030
166 0.000020
167 0.000020
168 0.000020
169 0.000020
170 0.000020
171 0.000020
172 0.000020
173 0.000020
174 0.000020
175 0.000030
176 0.000020
177 0.000020
178 0.000020
179 0.000020
180 0.000020
181 0.000020
182 0.000020
183 0.000020
184 0.000020
185 0.000030
186 0.000030
187 0.000030
188 0.000020
189 0.000030
190 0.000020
191 0.000020
192 0.000020
193 0.000020
194 0.000020
195 0.000020
196 0.000020
197 0.000030
198 0.000020
199 0.000020
200 0.000020
201 0.000020
202 0.000020
203 0.000020
204 0.000020
205 0.000030
206 0.000020
207 0.000020
208 0.000030
209 0.000020
210 0.000020
211 0.000030
212 0.000020
213 0.000020
214 0.000030
215 0.000020
216 0.000030
217 0.000030
218 0.000020
219 0.000020
220 0.000020
221 0.000020
222 0.000020
223 0.000020
224 0.000020
225 0.000020
226 0.000020
227 0.000030
228 0.000020
229 0.000040
230 0.000020
231 0.000020
232 0.000020
233 0.000020
234 0.000020
235 0.000030
236 0.000020
237 0.000020
238 0.000020
239 0.000020
240 0.000020
241 0.000020
242 0.000020
243 0.000020
244 0.000020
245 0.000020
246 0.000020
247 0.000030
248 0.000020
249 0.000020
250 0.000030
251 0.000020
252 0.000020
253 0.000020
254 0.000030
255 0.000020
256 0.000020
257 0.000020
258 0.000020
259 0.000020
260 0.000020
261 0.000030
262 0.000020
263 0.000020
264 0.000020
265 0.000020
266 0.000030
267 0.000020
268 0.000020
269 0.000020
270 0.000030
271 0.000030
272 0.000020
273 0.000030
274 0.000020
275 0.000020
276 0.000020
277 0.000020
278 0.000020
279 0.000020
280 0.000020
281 0.000020
282 0.000020
283 0.000030
284 0.000030
285 0.000020
286 0.000020
287 0.000030
288 0.000020
289 0.000020
290 0.000020
291 0.000020
292 0.000020
293 0.000020
294 0.000030
295 0.000030
296 0.000020
297 0.000020
298 0.000020
299 0.000030
300 0.000020
301 0.000030
302 0.000050
303 0.000030
304 0.000020
305 0.000020
306 0.000020
307 0.000030
308 0.000030
309 0.000020
310 0.000020
311 0.000020
312 0.000020
313 0.000030
314 0.000030
315 0.000020
316 0.000020
317 0.000020
318 0.000020
319 0.000020
320 0.000040
321 0.000020
322 0.000030
323 0.000020
324 0